2828758
4366568
63946
1073271
29670528
12869604
30194
14216283
696568
237996
44046490
2377590
481677
6294959
2791204
251771
12508518
1037612
938709
3375752
1048418
415066
962020
6768134
12325240
717653
7713608
418032
339882
296915
19372464
4837911
415068
979054
133476
369030
158005
240238
11820
5510
8111
432
882
685180
5936
339705
110276
297
368
5579
22755
10081
28667
2791204
251771
938709
415066
962020
1185151
176826
217462
411550
891605
650945
465384
298520
13029
7722088
12508518
686019098
356103
16981
4136444
16578369
94724628
10201099
12509576
2591228
2021127
34837405
1048418
891605
79632
350467
7507295
2238708
696586
2282269
976582
501795
3662351
87893
1101914
3955428
466848
